# HLW8032 模拟数据 - 电源适配器/开关电源 (65W 笔记本适配器)
# 共 60 帧，每帧24字节

55 5A 01 24 F8 00 02 7D 00 00 28 00 00 47 00 0F A0 00 00 66 FB 00 00 1B
55 5A 01 24 F8 00 02 7C 00 00 28 00 00 43 00 0F A0 00 00 6A 3F 00 00 5E
55 5A 01 24 F8 00 02 7B 00 00 28 00 00 42 00 0F A0 00 00 66 00 00 00 19
55 5A 01 24 F8 00 02 7B 00 00 28 00 00 3F 00 0F A0 00 00 5B 7A 00 00 85
55 5A 01 24 F8 00 02 7B 00 00 28 00 00 46 00 0F A0 00 00 6E 09 00 00 2E
55 5A 01 24 F8 00 02 7B 00 00 28 00 00 42 00 0F A0 00 00 60 4E 00 00 61
55 5A 01 24 F8 00 02 7C 00 00 28 00 00 49 00 0F A0 00 00 7A 55 00 00 8A
55 5A 01 24 F8 00 02 7C 00 00 28 00 00 40 00 0F A0 00 00 62 D3 00 00 E7
55 5A 01 24 F8 00 02 81 00 00 28 00 00 47 00 0F A0 00 00 75 CA 00 00 FD
55 5A 01 24 F8 00 02 7E 00 00 28 00 00 44 00 0F A0 00 00 5D 39 00 00 4E
55 5A 01 24 F8 00 02 7C 00 00 28 00 00 41 00 0F A0 00 00 5D 26 00 00 36
55 5A 01 24 F8 00 02 7B 00 00 28 00 00 43 00 0F A0 00 00 68 9B 00 00 B7
55 5A 01 24 F8 00 02 7B 00 00 28 00 00 49 00 0F A0 00 00 73 6D 00 00 9A
55 5A 01 24 F8 00 02 7D 00 00 28 00 00 45 00 0F A0 00 00 68 1F 00 00 3F
55 5A 01 24 F8 00 02 7D 00 00 28 00 00 4C 00 0F A0 00 00 6F 7E 00 00 AC
55 5A 01 24 F8 00 02 7D 00 00 28 00 00 42 00 0F A0 00 00 6C 10 00 00 31
55 5A 01 24 F8 00 02 7C 00 00 28 00 00 4A 00 0F A0 00 00 73 8C 00 00 BB
55 5A 01 24 F8 00 02 7D 00 00 28 00 00 41 00 0F A0 00 00 61 34 00 00 49
55 5A 01 24 F8 00 02 7B 00 00 28 00 00 45 00 0F A0 00 00 62 9E 00 00 B6
55 5A 01 24 F8 00 02 7E 00 00 28 00 00 4B 00 0F A0 00 00 6F 5B 00 00 89
55 5A 01 24 F8 00 02 7A 00 00 28 00 00 58 00 0F A0 00 00 8A 39 00 00 8B
55 5A 01 24 F8 00 02 7B 00 00 28 00 00 54 00 0F A0 00 00 80 9C 00 00 E1
55 5A 01 24 F8 00 02 79 00 00 28 00 00 54 00 0F A0 00 00 7D C7 00 00 07
55 5A 01 24 F8 00 02 7A 00 00 28 00 00 50 00 0F A0 00 00 7E 52 00 00 90
55 5A 01 24 F8 00 02 7B 00 00 28 00 00 50 00 0F A0 00 00 77 CF 00 00 07
55 5A 01 24 F8 00 02 7B 00 00 28 00 00 50 00 0F A0 00 00 72 20 00 00 53
55 5A 01 24 F8 00 02 7D 00 00 28 00 00 53 00 0F A0 00 00 7D AD 00 00 F0
55 5A 01 24 F8 00 02 7E 00 00 28 00 00 49 00 0F A0 00 00 6E B4 00 00 DF
55 5A 01 24 F8 00 02 7C 00 00 28 00 00 47 00 0F A0 00 00 68 92 00 00 B3
55 5A 01 24 F8 00 02 7E 00 00 28 00 00 51 00 0F A0 00 00 78 B6 00 00 F3
55 5A 01 24 F8 00 02 7D 00 00 28 00 00 51 00 0F A0 00 00 71 FB 00 00 30
55 5A 01 24 F8 00 02 7B 00 00 28 00 00 4B 00 0F A0 00 00 80 3A 00 00 76
55 5A 01 24 F8 00 02 79 00 00 28 00 00 51 00 0F A0 00 00 7E 1E 00 00 5C
55 5A 01 24 F8 00 02 7A 00 00 28 00 00 52 00 0F A0 00 00 76 1A 00 00 52
55 5A 01 24 F8 00 02 7C 00 00 28 00 00 4C 00 0F A0 00 00 73 3E 00 00 6F
55 5A 01 24 F8 00 02 7D 00 00 28 00 00 4E 00 0F A0 00 00 79 17 00 00 51
55 5A 01 24 F8 00 02 7B 00 00 28 00 00 51 00 0F A0 00 00 7F A7 00 00 E8
55 5A 01 24 F8 00 02 7C 00 00 28 00 00 49 00 0F A0 00 00 6C 88 00 00 AF
55 5A 01 24 F8 00 02 7E 00 00 28 00 00 4A 00 0F A0 00 00 6A BA 00 00 E2
55 5A 01 24 F8 00 02 7D 00 00 28 00 00 49 00 0F A0 00 00 70 90 00 00 BC
55 5A 01 24 F8 00 02 7E 00 00 28 00 00 4B 00 0F A0 00 00 73 A8 00 00 DA
55 5A 01 24 F8 00 02 7C 00 00 28 00 00 60 00 0F A0 00 00 99 4B 00 00 B6
55 5A 01 24 F8 00 02 7E 00 00 28 00 00 5F 00 0F A0 00 00 97 8D 00 00 F7
55 5A 01 24 F8 00 02 7F 00 00 28 00 00 56 00 0F A0 00 00 84 1F 00 00 6E
55 5A 01 24 F8 00 02 7C 00 00 28 00 00 4A 00 0F A0 00 00 74 44 00 00 74
55 5A 01 24 F8 00 02 7C 00 00 28 00 00 5E 00 0F A0 00 00 96 3E 00 00 A4
55 5A 01 24 F8 00 02 7C 00 00 28 00 00 52 00 0F A0 00 00 81 B8 00 00 FD
55 5A 01 24 F8 00 02 7B 00 00 28 00 00 4D 00 0F A0 00 00 78 9B 00 00 D1
55 5A 01 24 F8 00 02 7B 00 00 28 00 00 56 00 0F A0 00 00 84 1B 00 00 66
55 5A 01 24 F8 00 02 7D 00 00 28 00 00 57 00 0F A0 00 00 84 76 00 00 C4
55 5A 01 24 F8 00 02 7B 00 00 28 00 00 5B 00 0F A0 00 00 89 A3 00 00 F8
55 5A 01 24 F8 00 02 7B 00 00 28 00 00 61 00 0F A0 00 00 95 2A 00 00 91
55 5A 01 24 F8 00 02 7C 00 00 28 00 00 54 00 0F A0 00 00 82 05 00 00 4D
55 5A 01 24 F8 00 02 7A 00 00 28 00 00 53 00 0F A0 00 00 7A 25 00 00 62
55 5A 01 24 F8 00 02 7C 00 00 28 00 00 55 00 0F A0 00 00 83 B3 00 00 FD
55 5A 01 24 F8 00 02 7C 00 00 28 00 00 59 00 0F A0 00 00 86 EA 00 00 3B
55 5A 01 24 F8 00 02 7D 00 00 28 00 00 56 00 0F A0 00 00 79 F1 00 00 33
55 5A 01 24 F8 00 02 7B 00 00 28 00 00 5C 00 0F A0 00 00 9E 6B 00 00 D6
55 5A 01 24 F8 00 02 7C 00 00 28 00 00 5B 00 0F A0 00 00 8C 5F 00 00 B8
55 5A 01 24 F8 00 02 7F 00 00 28 00 00 58 00 0F A0 00 00 88 8B 00 00 E0
